456 174 255 255
479 461 251 251
936 180 217 217
162 120 254 254
389 212 270 270
1510 264 254 254
665 128 252 252
158 160 236 236
177 726 260 260
175 276 225 225
545 186 242 242
363 431 238 238
468 119 270 270
215 92 215 215
1268 368 231 231
618 366 277 277
69 214 273 273
832 380 140 140
127 57 114 114
138 368 110 110
777 686 102 102
767 389 130 130
333 652 171 171
204 133 351 351
962 530 224 224
826 273 255 255
231 107 256 256
417 273 250 250
661 571 154 154
852 616 156 156
488 673 145 145
768 154 200 200
375 257 273 273
558 173 201 201
1390 555 205 205
525 299 130 130
293 339 234 234
544 184 222 222
270 153 417 417
370 14 248 248
236 392 182 182
687 430 262 262
786 869 225 225
320 220 277 277
1047 364 155 155
1563 325 162 162
939 638 282 282
241 334 171 171
2086 1138 255 255
1494 801 200 200
946 186 243 243
1681 491 248 248
199 253 391 391
1611 94 324 324
178 659 146 146
633 588 183 183
1031 1181 108 108
1446 840 93 93
2130 926 101 101
8 94 298 298
158 120 241 241
586 127 154 154
424 154 149 149
197 126 145 145
290 101 198 198
572 161 193 193
630 224 250 250
982 361 196 196
290 424 205 205
228 106 127 127
399 161 99 99
898 665 216 216
352 91 263 263
1345 180 273 273
998 294 237 237
378 196 254 254
479 109 258 258
415 175 155 155
122 172 115 115
784 77 83 83
607 422 233 233
61 57 266 266
385 129 139 139
152 79 263 263
378 427 196 196
794 556 339 339
426 186 338 338
1360 380 192 192
1081 620 209 209
407 221 276 276
193 140 144 144
2157 509 241 241
564 615 244 244
1270 646 238 238
125 125 248 248
1141 381 207 207
350 298 271 271
1957 366 233 233
1224 249 251 251
250 471 228 228
829 454 295 295
334 244 242 242
1694 311 185 185
725 399 249 249
805 216 254 254
1294 340 247 247
831 432 153 153
1539 662 337 337
840 164 295 295
1054 323 248 248
372 219 249 249
792 124 282 282
681 500 222 222
1070 178 186 186
398 563 344 344
253 5 318 318
543 296 254 254
959 411 267 267
280 94 223 223
440 203 152 152
215 136 293 293
521 569 278 278
208 46 198 198
532 196 521 521
288 418 355 355
190 158 209 209
428 165 252 252
896 247 243 243
523 889 262 262
799 389 177 177
509 381 156 156
308 354 151 151
314 163 144 144
258 322 141 141
489 99 253 253
1805 505 238 238
565 347 414 414
615 360 261 261
810 331 257 257
1566 278 226 226
1185 319 232 232
195 534 367 367
724 391 289 289
253 149 236 236
1421 435 170 170
787 716 212 212
1259 792 193 193
183 58 437 437
261 78 138 138
314 197 236 236
2200 323 224 224
108 210 289 289
405 634 235 235
399 211 247 247
348 99 250 250
627 434 148 148
929 486 128 128
1630 863 224 224
3344 1356 153 153
2632 1922 222 222
3618 118 178 178
2948 1304 186 186
1020 315 143 143
591 1110 191 191
1535 321 167 167
1276 1731 230 230
1239 1399 215 215
2733 1033 205 205
2637 625 181 181
529 238 225 225
1333 375 216 216
529 105 215 215
1299 529 215 215
885 544 254 254
351 672 240 240
368 161 272 272
1271 321 297 297
1406 431 227 227
543 456 274 274
312 171 272 272
272 121 269 269
2402 979 311 311
956 730 204 204
1828 625 239 239
591 212 235 235
1555 560 241 241
945 420 231 231
19 157 310 310
592 73 387 387
169 193 382 382
1401 382 173 173
977 195 151 151
61 85 108 108
1780 1427 266 266
1790 1104 229 229
1002 384 267 267
1603 1677 183 183
1520 482 231 231
228 464 249 249
622 584 235 235
1621 335 414 414
903 258 291 291
882 348 222 222
947 515 319 319
1104 351 174 174
304 86 281 281
1757 414 400 400
2815 1701 289 289
495 97 105 105
490 267 307 307
285 142 342 342
1914 585 230 230
2251 486 240 240
1289 474 236 236
726 415 253 253
150 442 222 222
398 347 269 269
956 252 517 517
1747 1100 160 160
1161 1152 168 168
2002 963 159 159
738 969 174 174
354 168 246 246
275 211 229 229
515 223 256 256
800 261 270 270
493 302 286 286
288 191 409 409
982 432 293 293
445 218 280 280
1249 420 160 160
974 188 160 160
710 34 144 144
1036 381 140 140
309 784 295 295
640 600 199 199
28 361 260 260
889 217 256 256
448 389 281 281
179 119 303 303
1139 344 135 135
574 376 132 132
63 144 228 228
352 91 197 197
163 102 169 169
692 412 368 368
322 255 414 414
294 217 315 315
896 814 1211 1211
427 670 1709 1709
895 585 1140 1140
807 444 1227 1227
508 484 734 734
1154 873 1211 1211
657 471 908 908
622 504 564 564
469 358 574 574
81 847 1220 1220
614 513 865 865
543 454 673 673
1056 631 1304 1304
317 152 1705 1705
315 290 463 463
655 637 812 812
604 514 955 955
439 370 579 579
389 294 508 508
797 343 1100 1100
512 366 682 682
72 279 1214 1214
287 327 531 531
756 553 854 854
745 687 1214 1214
442 956 1622 1622
206 926 1460 1460
321 184 320 320
633 461 657 657
1033 398 1097 1097
522 348 561 561
717 634 952 952
853 655 893 893
623 505 856 856
270 185 436 436
478 390 675 675
324 474 741 741
356 112 480 480
407 350 75 75
625 250 604 604
113 127 472 472
280 239 339 339
566 387 520 520
224 380 1781 1781
3 223 333 333
900 251 1316 1316
421 385 582 582
1311 568 1852 1852
186 934 1448 1448
269 64 444 444
71 267 1152 1152
354 176 963 963
307 206 343 343
88 171 361 361
281 236 364 364
854 348 1649 1649
671 572 937 937
941 785 1183 1183
1187 526 1216 1216
951 455 1201 1201
244 186 310 310
86 173 436 436
323 259 428 428
334 242 415 415
340 262 420 420
350 262 385 385
300 233 324 324
199 145 432 432
294 212 371 371
202 336 387 387
371 355 493 493
640 489 776 776
256 249 318 318
291 150 373 373
199 332 393 393
606 95 1956 1956
913 449 1347 1347
802 637 1178 1178
83 31 370 370
522 68 608 608
593 585 272 272
145 226 358 358
199 175 459 459
568 346 575 575
541 463 756 756
346 336 694 694
599 580 2137 2137
191 5 483 483
326 201 402 402
543 702 1169 1169
955 601 940 940
805 452 1334 1334
1037 753 1242 1242
98 226 384 384
626 432 725 725
455 407 639 639
440 397 596 596
382 306 563 563
349 290 550 550
569 492 1198 1198
305 299 436 436
502 664 1283 1283
270 228 383 383
871 393 1171 1171
539 762 965 965
416 200 574 574
354 253 462 462
412 246 444 444
414 298 487 487
396 272 482 482
315 260 406 406
272 208 335 335
444 265 532 532
233 129 402 402
299 74 337 337
288 7 599 599
585 483 809 809
215 443 1441 1441
1012 534 1143 1143
172 164 534 534
774 581 1085 1085
371 339 559 559
478 396 700 700
455 439 641 641
178 133 448 448
405 313 519 519
183 145 401 401
202 547 898 898
423 363 692 692
966 1170 1813 1813
747 601 979 979
392 344 423 423
277 279 413 413
248 128 360 360
944 602 1061 1061
218 281 563 563
835 390 1214 1214
980 440 1170 1170
231 218 524 524
101 169 510 510
942 457 1330 1330
56 138 477 477
383 306 489 489
108 37 511 511
533 382 723 723
822 648 1104 1104
409 320 555 555
931 511 1312 1312
353 130 559 559
282 148 388 388
398 777 1335 1335
595 440 756 756
66 558 715 715
452 365 812 812
938 361 1345 1345
406 365 527 527
181 559 2303 2303
757 407 1436 1436
726 482 926 926
220 121 375 375
266 186 508 508
779 598 891 891
1132 570 1741 1741
83 103 439 439
777 573 1059 1059
834 631 1094 1094
513 665 1075 1075
334 127 393 393
178 502 949 949
810 653 855 855
237 88 344 344
630 687 1086 1086
293 129 325 325
317 256 443 443
910 441 1458 1458
874 818 1403 1403
392 195 510 510
679 801 1050 1050
747 942 1402 1402
229 116 423 423
663 503 938 938
389 308 447 447
216 298 406 406
671 515 1181 1181
429 297 546 546
349 300 459 459
1035 729 1159 1159
848 437 1413 1413
260 200 384 384
607 555 703 703
547 381 549 549
111 498 610 610
76 385 534 534
256 267 446 446
212 136 314 314
1234 471 1773 1773
602 514 760 760
337 268 416 416
366 278 452 452
266 231 397 397
400 688 1304 1304
532 416 798 798
1127 764 1261 1261
622 575 980 980
327 310 510 510
973 717 1077 1077
564 510 691 691
475 380 511 511
368 312 471 471
290 239 473 473
251 213 404 404
378 277 412 412
264 212 402 402
688 509 1008 1008
889 414 1254 1254
1052 479 1255 1255
237 17 627 627
729 50 1325 1325
369 309 454 454
151 280 2275 2275
109 385 589 589
347 269 439 439
22 133 444 444
320 39 442 442
747 560 852 852
959 256 1298 1298
131 117 333 333
807 599 868 868
428 344 565 565
191 192 352 352
346 179 545 545
265 260 324 324
494 539 735 735
573 427 687 687
274 223 305 305
164 62 444 444
917 490 1174 1174
853 566 1193 1193
847 578 916 916
702 592 924 924
232 187 352 352
275 228 374 374
704 448 952 952
339 261 410 410
475 398 584 584
69 147 345 345
70 95 632 632
251 25 510 510
261 193 363 363
294 262 435 435
905 753 1300 1300
763 472 1307 1307
462 447 1266 1266
892 788 1214 1214
498 339 570 570
52 64 724 724
423 397 673 673
495 129 619 619
180 179 488 488
300 45 432 432
752 201 1057 1057
332 300 384 384
735 604 782 782
368 286 499 499
562 433 750 750
286 259 386 386
479 392 689 689
102 154 351 351
752 548 746 746
506 415 575 575
239 177 242 242
224 157 250 250
288 106 418 418
184 42 208 208
356 307 599 599
138 257 397 397
422 183 466 466
336 280 431 431
840 699 1062 1062
318 255 464 464
387 173 370 370
522 410 628 628
725 527 811 811
354 518 1421 1421
79 365 1040 1040
409 432 690 690
273 206 812 812
406 157 774 774
121 199 999 999
90 176 502 502
284 227 386 386
269 232 297 297
186 183 650 650
393 276 537 537
393 414 844 844
205 149 556 556
543 453 781 781
1118 392 1203 1203
172 286 543 543
374 302 479 479
260 366 667 667
12 62 403 403
236 267 710 710
494 304 694 694
14 40 532 532
60 310 1073 1073
261 261 323 323
32 169 178 178
172 8 180 180
1199 459 1442 1442
145 49 369 369
379 306 386 386
364 296 522 522
322 238 437 437
165 135 212 212
343 153 495 495
319 159 427 427
69 151 278 278
536 207 596 596
31 74 500 500
88 149 243 243
213 152 246 246
285 173 398 398
722 242 753 753
362 80 419 419
572 306 671 671
145 150 236 236
442 282 639 639
447 266 611 611
822 720 1130 1130
276 230 382 382
567 337 682 682
18 27 305 305
273 13 314 314
81 132 373 373
707 643 1022 1022
198 106 356 356
254 215 342 342
245 175 432 432
825 222 1524 1524
272 162 459 459
309 186 635 635
876 446 1358 1358
48 878 1566 1566
562 82 978 978
275 14 404 404
252 262 480 480
733 61 762 762
255 12 501 501
831 478 1461 1461
450 221 431 431
287 224 397 397
247 162 324 324
249 78 390 390
307 235 423 423
416 111 570 570
248 144 408 408
259 91 337 337
500 526 1654 1654
640 695 1422 1422
312 156 388 388
496 472 628 628
86 47 280 280
7 40 559 559
253 195 296 296
332 351 453 453
295 244 515 515
281 591 1068 1068
619 454 986 986
605 305 827 827
114 249 753 753
200 165 434 434
153 53 448 448
398 307 540 540
385 268 467 467
629 520 936 936
218 204 345 345
1285 167 1524 1524
268 160 383 383
273 192 360 360
459 348 428 428
387 353 441 441
85 119 473 473
63 146 327 327
668 232 917 917
465 393 642 642
401 294 385 385
45 227 503 503
64 24 1281 1281
364 268 611 611
302 137 395 395
228 184 406 406
179 155 463 463
392 306 465 465
335 275 446 446
445 351 637 637
179 267 373 373
437 403 591 591
941 257 1509 1509
497 692 1199 1199
570 79 1158 1158
536 408 597 597
326 200 469 469
304 249 352 352
214 168 448 448
568 384 772 772
271 252 377 377
519 826 1413 1413
217 64 355 355
291 190 324 324
262 154 524 524
268 173 518 518
372 182 488 488
258 270 565 565
406 33 412 412
381 64 522 522
273 21 297 297
203 196 496 496
536 397 402 402
631 628 1647 1647
634 455 666 666
319 156 398 398
276 260 594 594
92 222 512 512
68 257 391 391
399 216 444 444
114 110 354 354
176 529 816 816
648 385 826 826
216 279 521 521
314 312 545 545
649 567 929 929
48 53 497 497
122 114 386 386
91 74 381 381
254 334 466 466
277 232 361 361
111 802 1988 1988
212 423 639 639
173 299 522 522
382 308 395 395
283 240 349 349
370 282 447 447
304 250 410 410
281 258 369 369
376 176 412 412
486 460 667 667
247 76 367 367
100 132 374 374
419 283 637 637
726 423 1514 1514
683 302 1590 1590
744 515 761 761
66 200 1035 1035
600 422 726 726
492 396 568 568
602 459 786 786
338 331 426 426
326 234 315 315
115 208 463 463
116 75 561 561
398 364 669 669
336 324 496 496
540 62 1837 1837
321 121 457 457
383 273 492 492
367 252 490 490
546 349 710 710
263 189 453 453
439 345 636 636
40 196 370 370
732 600 780 780
88 131 373 373
313 244 365 365
580 457 727 727
582 415 570 570
528 317 735 735
363 164 1484 1484
422 342 611 611
323 284 336 336
298 132 1524 1524
409 463 1081 1081
367 226 1020 1020
659 568 749 749
185 147 575 575
321 258 405 405
273 232 358 358
110 327 477 477
1052 624 1178 1178
671 529 1578 1578
673 286 1855 1855
125 197 393 393
987 429 1379 1379
1522 476 1927 1927
348 237 363 363
915 528 414 414
233 284 467 467
16 169 326 326
48 136 550 550
220 207 305 305
149 245 532 532
550 579 1275 1275
186 252 417 417
89 11 503 503
107 8 324 324
270 220 330 330
296 105 586 586
101 385 650 650
8 192 308 308
878 38 1908 1908
440 343 567 567
360 332 528 528
864 717 844 844
581 32 298 298
128 118 345 345
210 324 517 517
460 106 682 682
15 38 288 288
211 294 1030 1030
383 185 419 419
776 211 1358 1358
85 189 389 389
51 212 429 429
311 104 612 612
306 306 494 494
40 294 476 476
27 345 572 572
34 259 333 333
4 96 473 473
391 356 469 469
220 536 1066 1066
519 408 635 635
1306 272 1726 1726
254 344 589 589
407 373 542 542
24 151 471 471
472 428 449 449
277 43 608 608
243 547 1478 1478
448 355 506 506
170 224 363 363
331 127 448 448
470 658 1035 1035
432 377 590 590
128 242 344 344
325 214 309 309
373 291 368 368
80 198 407 407
310 295 381 381
302 255 378 378
273 242 327 327
854 244 1062 1062
129 350 730 730
238 169 473 473
237 236 400 400
340 271 367 367
289 236 438 438
444 277 611 611
176 73 306 306
382 275 548 548
369 269 421 421
44 224 466 466
1359 731 1602 1602
128 88 1018 1018
239 256 413 413
385 36 374 374
63 167 367 367
250 158 325 325
292 229 317 317
329 272 354 354
533 316 1475 1475
351 232 584 584
294 306 671 671
353 266 469 469
277 237 464 464
447 361 547 547
41 297 570 570
378 485 1218 1218
256 234 356 356
373 224 548 548
167 36 446 446
547 933 1116 1116
29 408 419 419
556 755 1144 1144
254 227 374 374
548 398 596 596
472 240 1788 1788
158 220 345 345
1067 2953 920 920
267 247 354 354
357 308 449 449
38 264 465 465
40 215 467 467
37 250 440 440
151 269 437 437
353 290 425 425
387 286 435 435
231 206 348 348
627 421 570 570
306 138 447 447
166 219 434 434
819 392 978 978
301 293 363 363
414 352 580 580
359 355 444 444
36 145 905 905
234 37 532 532
64 605 1084 1084
109 167 563 563
371 360 524 524
646 508 818 818
869 541 905 905
269 156 327 327
841 698 1420 1420
90 492 807 807
288 259 394 394
444 69 524 524
315 131 473 473
179 136 232 232
1124 79 1476 1476
334 265 475 475
462 82 470 470
130 168 308 308
490 390 495 495
376 217 377 377
288 115 416 416
511 338 1012 1012
84 95 358 358
13 169 358 358
75 198 350 350
378 53 682 682
323 35 1204 1204
282 105 854 854
376 308 448 448
394 272 497 497
455 321 525 525
370 259 526 526
225 49 398 398
229 132 461 461
68 225 534 534
58 49 339 339
266 104 339 339
21 92 553 553
214 262 1424 1424
948 807 1025 1025
236 99 553 553
363 311 475 475
196 392 795 795
441 400 657 657
364 351 773 773
280 167 323 323
205 157 424 424
538 187 1012 1012
808 606 900 900
92 131 311 311
258 183 471 471
352 136 374 374
78 202 359 359
268 138 370 370
335 335 581 581
232 370 565 565
89 132 338 338
456 201 616 616
122 273 454 454
270 210 433 433
510 431 690 690
399 332 532 532
686 466 868 868
369 343 575 575
194 325 537 537
260 308 473 473
342 272 664 664
464 432 555 555
404 207 578 578
114 133 343 343
805 369 863 863
617 362 882 882
653 430 667 667
388 282 471 471
343 243 444 444
506 446 532 532
215 318 620 620
37 146 575 575
292 228 398 398
491 221 773 773
381 49 562 562
300 237 358 358
78 283 794 794
399 286 532 532
858 482 1096 1096
863 465 1181 1181
405 292 484 484
112 37 466 466
100 224 488 488
564 233 651 651
468 304 471 471
411 302 720 720
275 227 383 383
31 120 407 407
296 280 595 595
742 590 931 931
34 172 285 285
418 272 757 757
108 190 512 512
246 309 410 410
84 80 512 512
206 56 420 420
213 186 426 426
106 181 377 377
175 152 446 446
293 281 336 336
521 66 1684 1684
330 325 444 444
349 281 365 365
1142 200 1608 1608
377 225 636 636
592 460 1224 1224
246 246 388 388
199 163 342 342
471 388 512 512
590 290 784 784
491 642 882 882
328 243 444 444
244 221 466 466
337 293 533 533
591 188 690 690
317 288 438 438
327 259 405 405
251 217 386 386
245 194 450 450
240 208 367 367
245 244 512 512
254 162 329 329
387 70 499 499
315 256 454 454
534 342 718 718
272 40 456 456
163 105 687 687
419 396 473 473
401 276 531 531
302 132 433 433
1011 884 1336 1336
698 560 854 854
504 396 676 676
500 260 619 619
290 252 345 345
480 708 1164 1164
260 231 351 351
245 193 348 348
434 230 446 446
590 467 883 883
206 172 329 329
224 170 333 333
354 298 428 428
281 281 432 432
320 474 731 731
679 362 905 905
483 644 880 880
974 579 1239 1239
301 232 535 535
67 155 448 448
317 224 466 466
739 632 1063 1063
604 484 786 786
236 165 285 285
220 224 402 402
145 186 687 687
208 234 534 534
391 89 423 423
225 183 375 375
159 228 608 608
347 69 400 400
388 347 497 497
454 361 672 672
425 317 540 540
542 540 1265 1265
260 260 722 722
346 194 473 473
122 150 417 417
280 243 402 402
330 170 434 434
566 576 966 966
853 460 1132 1132
741 599 914 914
819 157 1848 1848
479 68 468 468
473 362 692 692
295 238 379 379
246 1129 1652 1652
370 153 422 422
556 212 814 814
537 208 854 854
340 386 968 968
232 246 560 560
1118 523 1242 1242
206 32 703 703
44 169 318 318
438 369 603 603
74 28 407 407
956 457 1014 1014
266 158 398 398
659 158 744 744
259 518 1620 1620
269 227 517 517
110 375 596 596
271 235 349 349
170 267 339 339
669 549 978 978
566 657 912 912
628 478 854 854
365 558 927 927
376 416 715 715
537 438 728 728
471 390 543 543
402 355 573 573
328 167 381 381
85 304 1051 1051
592 476 836 836
267 246 339 339
140 193 486 486
107 333 632 632
230 199 346 346
532 494 684 684
476 357 561 561
270 200 398 398
162 731 1844 1844
365 124 426 426
307 37 479 479
544 285 696 696
459 201 1237 1237
84 265 406 406
1045 247 1075 1075
285 230 393 393
245 524 1329 1329
815 667 871 871
111 530 1377 1377
96 192 532 532
181 211 444 444
360 358 432 432
913 715 1168 1168
286 234 441 441
246 211 350 350
242 178 428 428
112 470 1073 1073
677 540 905 905
485 363 705 705
591 445 666 666
135 361 625 625
426 332 488 488
509 429 618 618
299 251 376 376
391 336 544 544
440 754 953 953
208 317 399 399
319 228 431 431
260 205 347 347
378 435 912 912
822 456 925 925
308 254 427 427
322 296 425 425
293 178 373 373
249 198 341 341
273 935 951 951
73 552 645 645
120 125 308 308
375 322 507 507
129 244 433 433
180 281 929 929
127 239 458 458
674 326 735 735
502 391 594 594
251 127 347 347
409 384 714 714
102 201 378 378
338 40 1749 1749
249 225 320 320
253 180 353 353
316 46 400 400
204 217 401 401
69 331 427 427
166 21 302 302
727 573 932 932
495 395 777 777
471 401 710 710
527 431 667 667
412 387 615 615
238 195 352 352
454 388 715 715
280 125 469 469
438 387 482 482
561 392 425 425
105 58 382 382
349 308 434 434
220 501 999 999
411 613 1274 1274
209 129 542 542
45 181 374 374
388 333 461 461
531 408 637 637
552 553 922 922
382 48 1908 1908
220 180 353 353
335 172 905 905
537 527 767 767
359 316 476 476
456 297 1993 1993
384 292 523 523
148 207 488 488
124 91 381 381
445 359 458 458
355 295 422 422
295 223 302 302
310 210 333 333
7 78 321 321
756 726 994 994
266 7 358 358
974 383 1533 1533
457 868 1455 1455
259 248 345 345
269 74 470 470
303 249 370 370
728 576 1000 1000
49 171 309 309
238 192 353 353
83 6 370 370
602 414 536 536
281 225 340 340
236 188 364 364
289 235 356 356
806 602 1303 1303
208 219 834 834
692 271 1530 1530
115 189 366 366
144 44 529 529
243 151 474 474
292 264 432 432
246 240 470 470
477 342 564 564
570 97 922 922
550 236 1101 1101
466 354 610 610
359 292 459 459
267 158 329 329
122 290 1428 1428
379 274 443 443
368 257 441 441
298 259 405 405
525 432 662 662
580 361 835 835
583 450 783 783
344 307 398 398
287 218 431 431
500 444 553 553
1044 715 1126 1126
983 413 1201 1201
545 438 932 932
729 278 818 818
447 691 967 967
557 457 629 629
325 255 379 379
144 53 341 341
219 101 639 639
348 99 483 483
174 253 396 396
244 100 589 589
293 84 627 627
489 457 671 671
283 41 628 628
239 153 544 544
230 195 508 508
173 54 656 656
955 642 1224 1224
148 177 469 469
1297 477 2126 2126
379 705 1021 1021
336 274 302 302
285 216 353 353
252 192 816 816
889 748 1201 1201
286 233 501 501
293 194 372 372
396 187 486 486
244 191 329 329
516 278 1590 1590
132 164 535 535
87 149 370 370
323 285 259 259
409 221 385 385
260 212 324 324
263 423 597 597
527 686 1310 1310
263 115 323 323
280 220 433 433
1487 1106 1537 1537
1242 952 2315 2315
841 374 1458 1458
784 567 1200 1200
894 651 1097 1097
873 477 1611 1611
254 112 347 347
1033 612 1346 1346
474 380 508 508
352 265 338 338
463 123 499 499
290 174 317 317
310 234 367 367
304 243 396 396
1155 950 1425 1425
113 252 501 501
229 172 448 448
409 327 514 514
1589 1219 1925 1925
686 388 1036 1036
124 144 310 310
169 91 468 468
134 70 494 494
215 233 458 458
113 262 406 406
857 245 1358 1358
715 231 1317 1317
49 175 552 552
142 277 478 478
495 1187 1731 1731
576 424 645 645
601 278 1315 1315
652 33 1391 1391
185 358 621 621
207 152 403 403
219 210 420 420
714 174 1141 1141
352 320 566 566
382 355 407 407
626 273 1399 1399
82 124 424 424
68 135 382 382
487 292 638 638
329 94 434 434
374 302 1386 1386
321 287 460 460
409 345 685 685
382 84 443 443
32 120 411 411
768 602 1413 1413
276 266 366 366
34 84 358 358
710 498 1047 1047
969 515 1273 1273
482 384 561 561
698 546 599 599
935 528 1126 1126
507 477 636 636
88 766 1608 1608
748 441 709 709
420 632 1491 1491
434 334 591 591
324 279 385 385
415 457 660 660
668 287 1476 1476
540 502 599 599
427 363 482 482
441 177 563 563
374 351 488 488
332 510 787 787
253 334 1662 1662
721 335 1093 1093
156 196 506 506
563 515 1003 1003
261 322 537 537
293 230 423 423
396 292 381 381
303 303 366 366
496 432 578 578
329 279 481 481
731 449 1306 1306
101 402 929 929
829 218 1433 1433
681 257 1596 1596
221 239 420 420
405 667 1798 1798
611 285 912 912
108 207 350 350
745 535 679 679
129 257 444 444
478 365 538 538
487 391 739 739
436 274 644 644
327 273 400 400
305 93 323 323
45 111 493 493
103 318 461 461
580 411 829 829
57 388 614 614
231 298 461 461
165 176 354 354
1046 928 1637 1637
430 339 567 567
597 592 1048 1048
265 188 357 357
389 288 494 494
283 163 498 498
208 187 395 395
113 144 510 510
335 276 594 594
538 785 1256 1256
923 502 1134 1134
480 481 798 798
415 335 499 499
315 141 429 429
113 122 453 453
259 167 345 345
309 218 341 341
895 185 1225 1225
243 424 692 692
669 344 1268 1268
288 100 444 444
280 206 465 465
646 530 910 910
240 238 328 328
830 263 1347 1347
456 433 741 741
845 634 1110 1110
1022 601 998 998
760 533 1440 1440
269 235 543 543
847 738 1147 1147
218 189 306 306
192 318 459 459
544 55 703 703
259 206 358 358
724 397 824 824
788 666 979 979
872 466 1075 1075
536 698 1080 1080
391 271 483 483
468 324 557 557
115 10 767 767
567 815 1311 1311
255 214 338 338
135 21 347 347
131 327 443 443
902 665 977 977
479 373 532 532
920 470 1274 1274
48 162 399 399
670 199 929 929
681 478 690 690
291 139 340 340
235 332 405 405
309 255 497 497
1016 556 1148 1148
23 80 414 414
29 116 366 366
268 268 420 420
601 560 703 703
559 915 1761 1761
913 266 942 942
815 592 984 984
523 452 783 783
1132 340 1691 1691
386 317 674 674
144 295 644 644
543 1003 1290 1290
464 152 648 648
377 429 1445 1445
183 177 927 927
582 492 916 916
301 93 390 390
273 167 513 513
391 156 445 445
432 314 641 641
239 291 572 572
323 500 624 624
392 326 602 602
468 372 608 608
323 235 320 320
445 712 1459 1459
280 260 907 907
189 129 281 281
737 375 1140 1140
519 400 648 648
865 166 1991 1991
306 170 594 594
239 183 382 382
248 347 1700 1700
375 474 584 584
743 529 687 687
54 293 513 513
26 244 343 343
30 197 379 379
167 77 488 488
524 92 671 671
453 290 461 461
283 240 374 374
353 921 1461 1461
1045 1121 1663 1663
424 327 586 586
706 632 1048 1048
287 222 435 435
270 266 303 303
1076 637 1466 1466
454 302 1140 1140
150 109 642 642
144 288 479 479
260 139 438 438
138 64 438 438
459 338 740 740
536 326 705 705
568 26 536 536
348 311 453 453
196 506 1502 1502
310 114 402 402
303 143 345 345
443 192 561 561
375 153 448 448
312 247 390 390
749 99 1157 1157
240 234 365 365
1186 109 994 994
407 312 459 459
435 358 654 654
633 286 948 948
694 649 792 792
523 166 612 612
376 293 607 607
431 335 490 490
496 417 731 731
757 524 821 821
687 600 930 930
522 492 856 856
361 721 1917 1917
177 902 1963 1963
326 966 1836 1836
246 187 391 391
295 201 370 370
296 168 488 488
473 467 898 898
527 477 690 690
615 473 671 671
202 171 422 422
242 722 1298 1298
459 837 1413 1413
491 195 715 715
42 221 398 398
334 249 593 593
215 135 358 358
637 549 999 999
766 693 911 911
280 203 355 355
383 223 568 568
266 162 365 365
282 43 575 575
85 199 524 524
758 601 805 805
720 579 817 817
544 396 790 790
314 245 488 488
296 460 746 746
709 535 916 916
412 342 727 727
57 204 577 577
601 512 1050 1050
581 481 730 730
740 638 741 741
336 224 324 324
341 311 727 727
393 98 472 472
380 293 402 402
522 301 624 624
1013 490 1219 1219
634 532 953 953
74 180 556 556
261 258 443 443
430 283 636 636
4 205 339 339
29 209 353 353
341 333 468 468
170 275 381 381
148 74 329 329
468 224 508 508
278 221 560 560
799 630 1089 1089
266 212 422 422
208 103 319 319
375 174 495 495
97 165 281 281
337 342 625 625
246 46 536 536
123 155 488 488
378 387 805 805
389 223 541 541
539 204 725 725
548 572 1908 1908
749 388 850 850
445 330 529 529
49 19 512 512
367 60 591 591
305 205 411 411
289 222 292 292
487 280 1043 1043
170 251 513 513
162 190 348 348
826 272 1094 1094
283 515 913 913
270 110 782 782
338 93 563 563
428 317 741 741
350 357 499 499
406 361 517 517
464 334 519 519
753 553 956 956
788 589 915 915
150 200 317 317
177 67 379 379
327 252 361 361
772 419 1092 1092
601 138 1312 1312
179 393 627 627
74 50 869 869
99 38 485 485
47 158 388 388
147 135 563 563
294 122 664 664
113 279 596 596
130 167 377 377
98 204 712 712
104 25 426 426
258 178 420 420
558 355 685 685
493 530 651 651
290 108 509 509
817 253 1393 1393
200 492 532 532
378 383 479 479
244 196 372 372
178 183 550 550
334 146 497 497
346 279 451 451
312 72 444 444
178 195 474 474
338 253 418 418
293 254 449 449
401 282 399 399
295 219 356 356
360 264 392 392
315 140 404 404
209 160 384 384
294 247 367 367
815 312 1181 1181
321 245 461 461
391 249 485 485
28 150 407 407
134 207 318 318
282 603 1225 1225
656 782 1954 1954
417 744 2099 2099
521 1017 1717 1717
1252 686 1708 1708
541 246 1134 1134
455 365 609 609
425 208 1094 1094
954 430 1524 1524
178 289 432 432
459 361 598 598
342 221 515 515
156 240 390 390
332 210 388 388
364 246 303 303
296 249 466 466
576 168 889 889
807 563 928 928
582 429 885 885
402 504 949 949
596 231 963 963
358 225 471 471
544 398 745 745
781 441 999 999
465 352 587 587
472 420 868 868
1245 526 1524 1524
801 640 1084 1084
695 170 764 764
41 53 358 358
265 124 347 347
264 186 573 573
819 224 1417 1417
240 210 403 403
220 245 358 358
76 134 310 310
238 99 282 282
28 471 1159 1159
403 374 452 452
218 120 388 388
268 252 395 395
218 141 370 370
95 342 459 459
28 180 418 418
375 258 565 565
291 261 459 459
109 117 682 682
62 41 388 388
159 35 426 426
368 553 1549 1549
433 466 828 828
1051 696 1506 1506
595 480 828 828
856 460 1104 1104
821 329 1430 1430
692 578 957 957
175 208 328 328
255 135 501 501
219 197 295 295
268 132 342 342
298 410 582 582
929 216 1635 1635
1064 350 1327 1327
340 178 356 356
402 728 1652 1652
404 318 612 612
519 481 802 802
261 190 327 327
531 657 1234 1234
104 413 1237 1237
229 35 483 483
439 426 549 549
15 63 370 370
370 278 575 575
472 184 845 845
418 50 741 741
665 476 814 814
565 493 828 828
45 390 767 767
298 713 1576 1576
838 508 1047 1047
767 494 1177 1177
814 634 1072 1072
867 499 1261 1261
968 435 1134 1134
808 461 1060 1060
806 381 1307 1307
335 250 460 460
369 283 422 422
539 605 844 844
387 954 1459 1459
143 370 611 611
326 317 431 431
388 184 393 393
73 202 624 624
419 194 470 470
495 248 762 762
368 286 370 370
144 106 322 322
238 202 367 367
504 323 841 841
912 509 1050 1050
855 293 1333 1333
981 371 1251 1251
873 543 1076 1076
1057 254 1236 1236
840 388 1298 1298
1075 404 1221 1221
1006 370 1262 1262
767 313 1415 1415
926 648 854 854
674 543 889 889
1031 563 1128 1128
945 484 1022 1022
873 520 1151 1151
1152 496 1174 1174
719 164 972 972
161 86 339 339
668 643 1214 1214
174 200 558 558
384 526 1047 1047
227 276 1080 1080
136 513 1080 1080
385 344 497 497
290 265 402 402
286 159 405 405
210 151 298 298
88 297 984 984
385 37 431 431
494 246 510 510
784 711 889 889
772 498 1099 1099
165 176 482 482
289 172 366 366
275 380 905 905
448 529 889 889
424 346 578 578
925 290 1374 1374
675 549 999 999
257 107 467 467
369 198 434 434
308 219 982 982
357 168 1141 1141
625 273 725 725
622 185 763 763
242 591 1989 1989
458 468 727 727
592 524 754 754
309 244 352 352
266 226 397 397
428 348 612 612
434 347 460 460
437 324 453 453
686 471 811 811
985 630 734 734
201 72 411 411
264 135 312 312
240 9 370 370
484 455 628 628
271 146 407 407
637 551 752 752
569 467 759 759
576 535 886 886
329 262 521 521
103 252 466 466
601 459 696 696
718 951 1484 1484
211 303 758 758
145 52 389 389
85 177 403 403
610 386 1072 1072
495 364 559 559
576 438 695 695
190 208 417 417
382 246 595 595
182 238 524 524
166 596 1325 1325
704 223 1382 1382
828 565 1280 1280
530 508 1073 1073
328 876 2018 2018
314 193 496 496
286 262 351 351
255 194 435 435
255 116 357 357
424 320 460 460
369 202 379 379
376 282 422 422
240 215 354 354
482 205 382 382
115 506 1275 1275
186 231 489 489
516 366 717 717
464 309 762 762
451 287 687 687
611 384 753 753
736 493 1002 1002
626 456 1270 1270
690 402 920 920
812 549 1083 1083
924 546 1124 1124
251 250 442 442
810 495 1151 1151
954 385 1259 1259
463 836 1710 1710
499 158 964 964
504 492 491 491
468 331 544 544
1280 274 1536 1536
548 736 1178 1178
273 129 587 587
345 899 1338 1338
848 131 1040 1040
169 133 305 305
179 45 424 424
419 439 859 859
436 687 1375 1375
874 597 1245 1245
745 704 1159 1159
503 192 2186 2186
376 213 380 380
381 275 447 447
298 238 366 366
305 214 370 370
798 402 1070 1070
384 368 652 652
945 726 1043 1043
834 321 1012 1012
732 601 1006 1006
305 239 373 373
595 536 914 914
505 492 626 626
606 744 1230 1230
145 248 915 915
517 376 581 581
125 211 481 481
558 399 628 628
403 393 433 433
435 307 824 824
302 222 404 404
344 260 325 325
161 129 314 314
259 80 2427 2427
194 203 361 361
293 206 324 324
427 277 435 435
211 256 417 417
22 218 407 407
270 217 336 336
49 275 438 438
325 218 440 440
974 695 1590 1590
588 748 1067 1067
374 78 561 561
283 314 525 525
204 196 320 320
230 155 314 314
20 296 440 440
882 642 1126 1126
821 563 1255 1255
172 204 480 480
904 421 1255 1255
1004 392 1310 1310
898 414 1230 1230
984 547 1017 1017
157 81 335 335
279 227 427 427
241 204 307 307
391 569 1569 1569
388 314 469 469
467 301 545 545
956 523 1077 1077
278 472 1321 1321
680 605 759 759
1012 449 1080 1080
882 566 1046 1046
220 240 295 295
889 458 1230 1230
975 553 1126 1126
648 569 1242 1242
1371 569 1660 1660
428 540 803 803
202 1078 1664 1664
443 379 692 692
499 433 444 444
354 146 586 586
873 425 1311 1311
275 222 313 313
429 353 612 612
620 133 1027 1027
916 388 1207 1207
71 198 378 378
966 736 1064 1064
183 376 759 759
259 109 373 373
261 122 354 354
349 345 488 488
472 347 459 459
75 299 502 502
654 421 1378 1378
401 638 975 975
242 99 351 351
627 341 1472 1472
660 561 900 900
237 57 382 382
316 258 372 372
245 211 349 349
293 234 449 449
716 233 1311 1311
513 348 628 628
750 498 844 844
501 558 1448 1448
288 247 436 436
572 439 797 797
616 511 755 755
468 578 767 767
509 426 636 636
408 556 1561 1561
320 266 479 479
391 227 330 330
80 16 639 639
298 197 373 373
264 143 342 342
257 67 359 359
216 215 559 559
156 63 467 467
382 346 634 634
820 159 871 871
139 33 411 411
317 287 461 461
339 253 473 473
311 260 401 401
60 277 548 548
156 234 407 407
258 106 349 349
1076 439 1143 1143
312 251 402 402
86 217 335 335
43 136 324 324
33 93 404 404
77 221 395 395
945 476 1178 1178
379 336 447 447
793 227 1367 1367
544 445 734 734
93 64 506 506
300 86 456 456
975 748 1321 1321
285 97 548 548
88 259 1227 1227
280 578 964 964
160 453 750 750
544 502 882 882
528 474 672 672
446 513 683 683
532 458 736 736
331 26 716 716
240 36 803 803
437 141 687 687
442 401 690 690
256 109 381 381
440 201 591 591
44 282 444 444
444 372 1513 1513
524 403 647 647
249 186 419 419
114 15 532 532
1031 422 1340 1340
612 586 1018 1018
743 554 951 951
75 262 408 408
72 207 353 353
141 117 462 462
45 235 440 440
94 246 522 522
121 261 408 408
64 322 571 571
642 225 2049 2049
893 594 1251 1251
823 349 2017 2017
496 216 2226 2226
509 440 690 690
560 365 444 444
538 451 846 846
283 227 363 363
399 301 494 494
418 687 1184 1184
277 318 1006 1006
976 521 1118 1118
198 54 558 558
565 262 528 528
408 324 598 598
893 544 1139 1139
751 650 1041 1041
284 135 362 362
662 527 973 973
938 502 1210 1210
407 384 444 444
442 94 569 569
10 157 391 391
75 159 491 491
784 549 966 966
353 280 413 413
753 474 1230 1230
314 314 461 461
482 425 667 667
177 94 387 387
202 188 335 335
685 602 943 943
282 235 341 341
140 260 338 338
811 654 1160 1160
419 330 570 570
819 605 915 915
182 237 785 785
254 66 471 471
373 235 341 341
346 264 448 448
247 205 348 348
488 421 721 721
71 233 494 494
854 368 1197 1197
347 244 377 377
335 253 345 345
332 149 200 200
239 38 272 272
326 150 193 193
92 305 548 548
206 211 404 404
222 65 219 219
533 96 323 323
68 110 385 385
371 69 287 287
56 35 232 232
42 88 510 510
118 96 368 368
101 104 314 314
207 228 391 391
289 78 289 289
820 152 246 246
211 37 132 132
112 34 110 110
155 274 90 90
290 133 190 190
234 69 372 372
134 99 183 183
327 123 182 182
391 84 92 92
413 100 82 82
1342 635 209 209
254 67 152 152
499 78 112 112
871 188 118 118
1057 189 122 122
1364 854 444 444
519 107 69 69
295 59 80 80
292 142 86 86
537 93 93 93
453 99 105 105
366 156 84 84
643 180 50 50
131 256 101 101
506 469 159 159
539 304 74 74
313 227 62 62
434 90 61 61
592 194 64 64
789 59 64 64
841 240 72 72
894 216 79 79
578 427 295 295
956 499 302 302
780 430 220 220
158 42 136 136
373 66 75 75
142 124 110 110
493 121 114 114
1065 424 171 171
324 26 125 125
169 196 285 285
209 140 213 213
105 124 315 315
132 127 228 228
162 111 130 130
108 137 161 161
235 89 224 224
139 64 129 129
32 56 122 122
133 83 182 182
176 101 259 259
4 194 139 139
305 279 594 594
161 164 264 264
83 170 224 224
98 76 120 120
114 130 156 156
143 82 150 150
114 93 129 129
124 136 168 168
79 104 135 135
121 141 214 214
103 73 159 159
97 19 177 177
241 123 216 216
122 114 236 236
18 80 141 141
127 93 185 185
227 73 120 120
117 82 200 200
149 133 167 167
94 71 156 156
211 22 197 197
66 102 164 164
78 92 250 250
111 125 197 197
100 90 182 182
392 116 136 136
168 59 190 190
161 1 108 108
11 80 114 114
290 75 113 113
216 52 279 279
175 192 542 542
602 262 446 446
49 72 163 163
33 60 185 185
59 103 150 150
67 95 140 140
84 86 132 132
76 75 147 147
393 109 168 168
134 93 216 216
139 40 139 139
250 323 599 599
69 102 166 166
233 51 154 154
69 50 146 146
58 118 246 246
184 73 225 225
276 67 153 153
143 150 333 333
437 80 266 266
75 88 214 214
75 110 207 207
144 82 135 135
108 70 125 125
98 72 204 204
53 85 154 154
245 78 128 128
257 46 114 114
87 98 171 171
48 84 173 173
55 61 187 187
93 72 139 139
88 91 108 108
216 74 174 174
134 61 179 179
123 97 178 178
36 67 282 282
60 74 296 296
108 53 228 228
89 96 250 250
103 102 192 192
89 55 263 263
254 112 251 251
79 71 227 227
106 157 206 206
101 99 203 203
88 93 264 264
249 92 145 145
111 103 203 203
18 138 251 251
98 74 154 154
104 66 130 130
145 49 162 162
83 56 385 385
110 183 237 237
218 74 119 119
34 68 267 267
213 103 340 340
251 84 196 196
165 127 168 168
100 119 188 188
97 39 241 241
146 171 272 272
90 196 327 327
358 58 184 184
78 175 334 334
77 76 162 162
82 199 315 315
241 242 230 230
206 59 401 401
140 47 189 189
17 82 134 134
41 194 364 364
319 33 162 162
444 359 742 742
90 33 126 126
102 108 112 112
198 75 195 195
130 114 236 236
151 59 121 121
208 121 187 187
135 128 226 226
102 118 265 265
62 149 205 205
165 123 206 206
182 60 123 123
218 107 121 121
37 67 202 202
144 86 177 177
242 72 136 136
196 71 138 138
99 53 203 203
18 97 188 188
53 88 184 184
367 37 199 199
85 89 156 156
11 83 236 236
22 55 144 144
249 65 118 118
281 49 117 117
57 80 135 135
251 62 101 101
37 62 124 124
239 55 127 127
274 115 272 272
218 48 196 196
215 53 142 142
216 30 154 154
74 97 99 99
228 72 201 201
71 63 166 166
65 150 262 262
118 82 185 185
233 88 149 149
84 115 208 208
185 64 178 178
170 64 179 179
128 124 141 141
103 62 171 171
88 129 202 202
16 111 263 263
119 141 204 204
83 79 250 250
164 40 154 154
64 147 244 244
196 289 517 517
300 6 225 225
207 58 158 158
221 75 178 178
7 84 188 188
56 53 145 145
152 13 195 195
196 118 171 171
76 84 139 139
150 76 198 198
364 73 151 151
162 36 122 122
227 62 145 145
44 108 191 191
52 63 234 234
115 66 216 216
125 71 113 113
500 192 111 111
202 112 156 156
77 99 177 177
52 97 152 152
217 86 145 145
64 54 114 114
25 42 180 180
78 77 146 146
100 104 157 157
206 195 422 422
86 107 158 158
108 17 259 259
61 77 134 134
113 125 188 188
105 146 178 178
342 40 145 145
115 78 161 161
173 89 129 129
63 135 247 247
48 72 191 191
97 105 170 170
92 161 204 204
42 109 181 181
75 96 158 158
177 194 291 291
233 209 334 334
97 100 116 116
144 62 128 128
203 113 172 172
68 62 133 133
541 126 330 330
102 165 243 243
422 136 285 285
154 104 282 282
47 128 171 171
187 93 152 152
113 114 166 166
46 94 188 188
198 70 158 158
41 102 160 160
362 150 472 472
271 127 425 425
535 153 362 362
112 44 132 132
51 89 178 178
294 130 419 419
70 75 131 131
80 129 209 209
101 64 136 136
148 68 138 138
69 86 142 142
75 104 155 155
241 28 103 103
112 72 146 146
114 80 133 133
541 327 750 750
118 95 188 188
608 288 488 488
101 156 187 187
499 586 1010 1010
429 519 951 951
274 98 157 157
101 50 187 187
95 125 215 215
179 106 214 214
53 182 319 319
151 184 296 296
147 69 138 138
86 169 300 300
524 68 169 169
106 70 123 123
125 93 174 174
92 108 217 217
100 77 140 140
203 108 212 212
69 104 180 180
47 109 139 139
76 97 162 162
129 97 206 206
490 352 524 524
46 76 252 252
26 126 214 214
100 81 128 128
127 103 145 145
194 104 214 214
98 64 186 186
183 56 145 145
151 53 156 156
196 217 207 207
120 106 127 127
159 76 146 146
307 46 144 144
96 73 247 247
25 120 156 156
118 193 414 414
131 154 215 215
83 49 111 111
122 67 114 114
30 62 116 116
87 161 288 288
175 75 134 134
58 84 117 117
110 191 196 196
112 67 162 162
211 85 133 133
156 68 150 150
95 47 167 167
79 46 114 114
116 66 139 139
328 53 119 119
88 138 207 207
74 60 223 223
104 123 139 139
88 128 191 191
81 164 155 155
245 525 487 487
196 76 130 130
134 97 145 145
173 41 140 140
14 91 134 134
59 87 202 202
144 57 210 210
108 71 264 264
106 63 267 267
152 162 288 288
273 188 259 259
165 34 174 174
164 40 130 130
234 12 139 139
162 49 172 172
116 211 293 293
225 90 174 174
122 104 187 187
50 60 248 248
337 93 164 164
87 79 230 230
192 58 174 174
65 80 124 124
85 9 124 124
148 67 147 147
398 110 193 193
220 96 161 161
52 107 241 241
146 182 278 278
199 49 156 156
118 40 221 221
75 85 166 166
164 94 132 132
104 67 124 124
127 129 113 113
90 87 183 183
82 120 270 270
64 108 236 236
408 481 508 508
162 152 148 148
129 88 166 166
241 82 132 132
241 64 139 139
47 58 177 177
245 131 314 314
105 129 135 135
297 71 155 155
816 186 497 497
162 87 149 149
243 58 162 162
111 127 143 143
771 465 200 200
352 442 507 507
216 60 130 130
183 126 197 197
204 31 229 229
69 26 137 137
76 21 134 134
307 294 261 261
321 59 126 126
250 92 224 224
57 78 191 191
320 214 225 225
6 32 257 257
40 10 295 295
98 94 122 122
98 119 246 246
46 191 354 354
48 63 149 149
141 3 257 257
198 260 995 995
101 59 132 132
168 74 319 319
197 64 122 122
235 101 141 141
329 59 221 221
137 117 236 236
211 37 175 175
100 111 178 178
187 143 259 259
250 101 197 197
191 90 236 236
228 85 279 279
74 138 175 175
163 163 224 224
126 107 135 135
121 120 152 152
48 206 115 115
41 119 306 306
194 47 149 149
91 104 171 171
165 60 171 171
224 85 159 159
76 80 137 137
214 79 231 231
318 93 208 208
89 33 125 125
185 34 110 110
377 189 239 239
60 98 213 213
100 223 260 260
169 239 280 280
224 198 248 248
161 184 265 265
112 55 129 129
474 166 290 290
19 135 151 151
15 133 156 156
121 23 184 184
188 69 192 192
146 80 169 169
405 157 568 568
68 93 170 170
176 134 241 241
66 15 193 193
125 40 197 197
118 120 205 205
12 45 196 196
62 70 151 151
77 73 237 237
39 83 225 225
111 49 114 114
125 91 119 119
78 96 219 219
24 11 129 129
161 36 243 243
252 46 405 405
110 186 373 373
68 128 462 462
50 70 173 173
115 163 168 168
120 116 161 161
78 67 123 123
170 70 145 145
151 118 144 144
3 523 122 122
125 107 174 174
155 62 120 120
177 10 152 152
47 79 164 164
217 86 122 122
213 105 229 229
150 146 199 199
156 106 189 189
115 61 182 182
12 130 192 192
63 61 149 149
114 79 170 170
50 82 207 207
133 75 177 177
135 153 186 186
171 104 143 143
339 44 147 147
182 50 111 111
208 107 232 232
191 36 216 216
143 56 130 130
180 71 183 183
153 216 227 227
240 89 132 132
121 57 198 198
154 91 178 178
165 19 247 247
189 119 232 232
102 145 149 149
136 28 150 150
86 65 140 140
181 50 191 191
117 101 148 148
434 13 227 227
130 87 182 182
600 1483 599 599
97 79 268 268
249 68 178 178
326 58 132 132
99 28 143 143
42 67 179 179
343 457 1236 1236
110 67 162 162
137 110 296 296
104 82 204 204
99 75 154 154
27 115 259 259
352 12 233 233
212 34 105 105
166 18 221 221
206 59 176 176
230 56 178 178
160 42 160 160
72 87 182 182
8 63 209 209
105 34 128 128
45 124 201 201
52 52 147 147
83 123 237 237
583 242 121 121
29 134 295 295
77 113 241 241
94 98 163 163
168 70 144 144
129 99 262 262
127 60 200 200
300 23 180 180
206 83 124 124
110 36 135 135
159 69 176 176
82 80 310 310
166 74 162 162
39 27 136 136
99 32 172 172
46 121 246 246
19 114 363 363
83 127 216 216
248 167 267 267
42 152 372 372
111 58 219 219
143 93 232 232
55 88 187 187
192 22 115 115
64 22 220 220
142 92 274 274
106 20 206 206
89 62 137 137
144 72 137 137
6 84 114 114
40 446 350 350
46 113 210 210
73 120 260 260
114 93 152 152
118 102 154 154
108 97 153 153
87 80 180 180
126 93 172 172
85 145 119 119
270 138 240 240
90 104 282 282
249 56 128 128
14 97 252 252
161 62 128 128
25 90 178 178
152 66 106 106
84 100 212 212
258 125 291 291
179 94 186 186
88 103 237 237
119 125 133 133
130 54 158 158
111 70 259 259
179 135 127 127
52 60 156 156
363 244 605 605
174 82 115 115
91 142 99 99
93 109 216 216
94 51 166 166
4 207 116 116
130 22 183 183
30 54 163 163
278 70 204 204
275 255 197 197
9 78 183 183
233 67 288 288
148 48 385 385
278 162 265 265
86 101 209 209
362 143 205 205
60 46 147 147
171 39 161 161
278 389 611 611
72 70 147 147
11 98 252 252
279 215 408 408
72 43 126 126
137 62 119 119
43 112 267 267
84 139 265 265
35 94 321 321
220 75 226 226
168 78 120 120
42 79 196 196
332 14 142 142
171 68 224 224
63 79 210 210
117 52 112 112
101 61 143 143
61 22 178 178
253 88 147 147
119 41 143 143
34 90 175 175
191 65 116 116
240 63 161 161
112 27 216 216
78 63 182 182
171 135 115 115
148 103 248 248
252 2 178 178
203 55 218 218
45 120 390 390
181 171 138 138
48 426 112 112
67 62 135 135
7 237 128 128
36 149 473 473
164 120 178 178
154 54 184 184
91 97 252 252
94 128 254 254
140 37 133 133
144 65 138 138
163 61 206 206
68 53 303 303
167 176 315 315
102 205 384 384
102 64 169 169
81 93 224 224
127 137 128 128
139 136 237 237
603 367 550 550
76 126 291 291
124 38 172 172
117 99 231 231
110 108 189 189
108 69 153 153
68 61 191 191
90 297 125 125
96 87 205 205
99 73 141 141
122 71 227 227
68 34 143 143
115 42 189 189
74 59 210 210
55 74 171 171
98 63 111 111
104 109 215 215
61 61 124 124
113 119 254 254
118 57 139 139
290 90 149 149
163 22 147 147
55 83 159 159
32 29 99 99
518 160 274 274
31 97 130 130
13 89 169 169
310 68 189 189
162 52 180 180
127 122 200 200
138 62 137 137
339 101 168 168
136 236 145 145
200 117 174 174
82 56 167 167
196 71 147 147
96 127 264 264
2076 644 1083 1083
65 109 172 172
101 11 246 246
280 41 157 157
114 70 231 231
90 61 180 180
293 7 159 159
92 108 170 170
97 40 166 166
284 58 132 132
223 103 115 115
59 58 98 98
102 83 182 182
698 214 354 354
236 62 171 171
118 25 146 146
37 54 160 160
201 106 172 172
135 50 131 131
62 73 174 174
80 42 150 150
248 44 150 150
250 7 147 147
111 72 236 236
324 89 135 135
137 103 148 148
98 119 124 124
149 48 149 149
294 12 185 185
73 89 151 151
75 108 206 206
6 340 124 124
109 8 183 183
188 131 202 202
141 43 121 121
228 84 229 229
105 129 269 269
151 138 346 346
153 118 155 155
95 152 113 113
73 86 178 178
75 25 139 139
466 86 150 150
6 318 131 131
132 110 213 213
138 47 312 312
178 81 254 254
68 122 127 127
3 300 124 124
6 319 125 125
217 141 230 230
289 31 165 165
141 68 147 147
170 94 149 149
35 111 248 248
142 38 154 154
11 412 169 169
129 70 184 184
7 318 125 125
204 92 267 267
335 125 104 104
147 63 136 136
8 289 102 102
57 122 224 224
428 170 129 129
66 8 250 250
302 35 241 241
151 56 131 131
154 121 172 172
5 351 129 129
211 46 230 230
159 79 239 239
4 278 104 104
138 62 190 190
81 75 180 180
183 48 318 318
75 40 223 223
91 168 167 167
10 343 116 116
55 102 193 193
115 54 123 123
273 84 173 173
142 67 122 122
119 122 123 123
213 147 224 224
740 344 720 720
657 520 715 715
61 62 136 136
188 24 164 164
132 63 163 163
117 61 103 103
59 94 161 161
105 56 136 136
150 64 190 190
85 64 158 158
53 117 237 237
71 89 120 120
23 98 178 178
101 97 170 170
131 26 232 232
51 65 193 193
95 38 113 113
76 61 161 161
62 91 164 164
100 89 193 193
81 72 158 158
192 183 104 104
82 98 183 183
153 112 201 201
285 162 187 187
150 67 134 134
169 72 199 199
277 157 337 337
52 81 265 265
133 88 149 149
381 228 497 497
381 228 497 497
57 120 316 316
127 118 230 230
218 88 408 408
36 88 125 125
117 59 189 189
212 119 272 272
48 143 297 297
50 69 202 202
65 62 210 210
128 78 170 170
89 73 129 129
94 112 216 216
43 90 125 125
126 51 148 148
130 84 193 193
100 120 242 242
241 77 142 142
121 68 116 116
70 11 142 142
116 66 160 160
103 23 174 174
126 218 247 247
125 149 232 232
104 38 145 145
118 123 145 145
43 118 216 216
121 57 139 139
148 77 131 131
149 35 229 229
89 96 187 187
7 138 181 181
247 157 254 254
28 74 180 180
72 59 169 169
179 84 233 233
119 49 142 142
789 386 637 637
124 45 177 177
230 254 328 328
54 63 119 119
112 84 178 178
116 60 122 122
250 84 135 135
72 90 172 172
13 98 170 170
145 79 166 166
108 96 212 212
183 76 150 150
167 46 191 191
109 63 130 130
117 35 149 149
213 147 199 199
90 111 231 231
420 144 187 187
161 57 140 140
30 40 271 271
354 120 228 228
60 65 178 178
127 104 155 155
22 130 288 288
87 173 174 174
244 123 178 178
181 88 225 225
69 115 210 210
117 85 161 161
18 116 165 165
51 180 197 197
127 69 257 257
134 15 156 156
76 124 201 201
263 83 142 142
229 430 435 435
145 102 156 156
427 171 226 226
563 39 185 185
281 15 235 235
128 90 316 316
107 103 166 166
35 127 127 127
113 80 134 134
81 51 130 130
178 26 135 135
74 40 177 177
89 51 183 183
75 135 240 240
91 105 243 243
81 86 175 175
79 150 232 232
96 53 155 155
78 96 169 169
79 86 165 165
248 92 240 240
144 59 130 130
9 30 164 164
108 31 158 158
72 90 143 143
29 56 220 220
46 65 127 127
144 56 206 206
78 79 197 197
159 52 110 110
35 101 301 301
84 114 239 239
164 66 129 129
147 21 193 193
75 14 249 249
193 51 174 174
31 47 329 329
70 116 214 214
169 42 226 226
34 90 125 125
239 87 147 147
334 116 269 269
81 58 184 184
151 67 119 119
45 81 265 265
67 175 403 403
45 81 152 152
99 66 109 109
113 81 144 144
133 59 193 193
40 44 123 123
32 3 115 115
74 93 173 173
74 94 173 173
94 111 204 204
402 84 166 166
228 85 235 235
56 94 181 181
65 93 161 161
627 148 266 266
26 110 210 210
79 92 248 248
102 107 168 168
91 136 206 206